62.9	68.0	67.1	67.5	66.5
62.9	67.9	66.9	67.4	66.4
62.9	67.8	66.8	67.4	66.3
62.8	67.8	66.8	67.3	66.3
62.7	67.6	66.6	67.1	66.2
62.7	67.5	66.6	67.0	66.2
62.6	67.4	66.4	66.9	66.0
62.5	67.4	66.4	66.8	65.9
62.3	67.3	66.3	66.8	65.8
62.4	67.2	66.3	66.8	65.7
62.3	67.1	66.3	66.6	65.6
62.2	67.0	66.1	66.5	65.5
62.1	66.8	65.9	66.4	65.5
62.0	66.9	65.9	66.3	65.4
62.0	66.8	65.8	66.2	65.3
61.8	66.7	65.7	66.2	65.2
61.8	66.6	65.7	66.1	65.2
61.7	66.5	65.6	66.0	65.0
61.6	66.5	65.4	66.0	65.0
61.7	66.3	65.4	65.8	64.9
61.5	66.2	65.3	65.7	64.7
61.4	66.1	65.2	65.7	64.7
61.4	66.1	65.1	65.6	64.7
61.3	66.0	65.1	65.5	64.6
61.1	65.9	64.9	65.4	64.6
61.1	65.8	64.9	65.3	64.4
61.0	65.8	64.8	65.3	64.3
60.9	65.7	64.7	65.1	64.2
60.8	65.6	64.7	65.1	64.2
60.9	65.4	64.5	65.0	64.2
60.7	65.4	64.5	64.9	64.0
60.7	65.3	64.3	64.9	63.9
60.6	65.4	64.4	64.8	63.8
60.5	65.0	64.3	64.7	63.8
60.5	65.0	64.2	64.6	63.6
60.4	65.0	64.1	64.5	63.7
60.3	65.0	64.0	64.5	63.5
60.3	64.8	63.9	64.4	63.5
60.2	64.7	63.8	64.3	63.5
60.2	64.6	63.8	64.1	63.3
59.9	64.5	63.6	64.2	63.2
59.9	64.5	63.5	64.0	63.2
59.8	64.4	63.5	64.0	63.1
59.8	64.4	63.4	63.9	63.0
59.7	64.3	63.3	63.8	62.9
59.7	64.1	63.2	63.8	62.8
59.7	64.1	63.2	63.6	62.7
59.6	63.9	63.0	63.6	62.8
59.5	63.9	63.0	63.5	62.6
59.4	63.9	63.0	63.3	62.5
59.2	63.7	63.0	63.3	62.5
59.3	63.7	62.8	63.2	62.5
59.2	63.6	62.7	63.1	62.2
59.1	63.5	62.7	63.1	62.2
59.1	63.5	62.6	63.0	62.2
59.0	63.3	62.5	62.9	62.1
59.0	63.4	62.5	62.9	62.0
58.9	63.2	62.3	62.7	62.0
58.9	63.1	62.3	62.7	61.8
58.7	63.0	62.2	62.7	61.7
58.6	63.0	62.2	62.5	61.7
58.5	62.9	62.1	62.5	61.7
58.5	62.8	62.0	62.3	61.6
58.4	62.8	61.9	62.3	61.5
58.5	62.6	61.8	62.3	61.3
58.3	62.5	61.7	62.2	61.2
58.2	62.5	61.7	62.1	61.2
58.2	62.5	61.5	61.9	61.3
58.2	62.4	61.6	61.9	61.1
58.1	62.2	61.4	61.9	61.0
57.9	62.3	61.4	61.8	60.9
57.9	62.2	61.3	61.7	60.9
57.9	62.1	61.2	61.6	60.8
57.7	62.0	61.1	61.6	60.8
57.7	61.9	61.1	61.5	60.6
57.5	61.9	61.0	61.4	60.7
57.6	61.8	61.1	61.3	60.6
57.5	61.6	60.9	61.3	60.5
57.5	61.7	60.8	61.2	60.4
57.4	61.5	60.7	61.2	60.3
57.4	61.5	60.6	61.0	60.3
57.3	61.3	60.7	61.0	60.2
57.2	61.4	60.5	60.9	60.2
57.2	61.3	60.4	60.9	60.0
57.0	61.2	60.3	60.7	59.9
57.0	61.1	60.2	60.8	59.9
57.1	61.1	60.2	60.5	59.9
56.9	61.0	60.1	60.5	59.8
56.9	60.9	60.1	60.4	59.6
56.7	60.8	60.0	60.4	59.6
56.7	60.7	59.9	60.3	59.6
56.8	60.7	59.9	60.2	59.6
56.6	60.7	59.8	60.2	59.4
56.6	60.5	59.7	60.1	59.4
56.5	60.6	59.7	60.0	59.3
56.4	60.4	59.6	60.0	59.2
56.5	60.3	59.6	60.0	59.1
56.3	60.2	59.4	59.9	59.1
56.3	60.2	59.3	59.8	59.0
56.2	60.3	59.3	59.7	58.9
56.2	60.1	59.4	59.7	58.9
56.1	60.0	59.2	59.6	58.8
56.0	59.9	59.1	59.5	58.7
56.0	59.9	59.1	59.4	58.7
55.9	59.7	59.0	59.4	58.6
55.9	59.6	59.0	59.2	58.6
55.8	59.6	58.8	59.2	58.5
55.7	59.5	58.8	59.1	58.4
55.6	59.5	58.7	59.1	58.2
55.6	59.5	58.6	59.1	58.2
55.5	59.3	58.5	59.0	58.2
55.5	59.1	58.5	58.9	58.1
55.4	59.2	58.4	58.8	58.1
55.4	59.2	58.4	58.7	58.0
55.3	59.1	58.3	58.7	57.9
55.3	59.1	58.2	58.6	58.0
55.2	58.9	58.2	58.5	57.7
55.1	58.9	58.3	58.5	57.8
55.1	58.8	58.1	58.5	57.7
55.1	58.7	57.9	58.3	57.6
55.0	58.7	57.8	58.3	57.6
54.9	58.7	57.8	58.2	57.6
54.8	58.5	57.7	58.2	57.4
54.7	58.5	57.7	58.1	57.4
54.8	58.4	57.7	58.0	57.3
54.8	58.3	57.6	57.8	57.3
54.7	58.3	57.6	58.0	57.2
54.6	58.2	57.5	57.9	57.2
54.5	58.2	57.5	57.8	57.1
54.5	58.0	57.4	57.7	57.0
54.4	58.0	57.3	57.7	56.9
54.3	57.9	57.3	57.5	56.8
54.2	57.9	57.1	57.5	56.7
54.2	57.8	57.1	57.5	56.7
54.1	57.8	57.1	57.5	56.7
54.2	57.7	57.0	57.3	56.6
54.1	57.6	56.9	57.3	56.6
53.9	57.6	56.8	57.3	56.5
54.0	57.5	56.8	57.2	56.4
53.9	57.4	56.7	57.1	56.4
53.8	57.4	56.5	57.1	56.3
53.8	57.3	56.7	57.0	56.2
53.7	57.2	56.6	56.8	56.2
53.7	57.2	56.4	56.8	56.2
53.6	57.2	56.3	56.8	56.0
53.6	57.0	56.4	56.7	56.0
53.6	57.0	56.3	56.7	56.0
53.4	56.9	56.2	56.5	55.9
53.4	56.8	56.1	56.5	55.8
53.4	56.7	56.1	56.4	55.7
53.3	56.7	56.0	56.5	55.7
53.3	56.6	56.0	56.3	55.7
53.2	56.6	55.9	56.2	55.6
53.2	56.6	55.9	56.3	55.5
53.1	56.5	55.9	56.2	55.4
53.1	56.5	55.7	56.1	55.4
53.0	56.4	55.8	56.1	55.4
52.9	56.4	55.7	55.9	55.3
52.9	56.2	55.6	55.9	55.2
52.9	56.3	55.5	55.8	55.3
52.7	56.1	55.5	55.8	55.1
52.7	56.1	55.3	55.8	55.0
52.7	56.1	55.4	55.6	55.0
52.6	55.9	55.3	55.6	55.0
52.6	55.9	55.2	55.6	54.9
52.5	55.8	55.2	55.6	54.8
52.4	55.9	55.0	55.5	54.7
52.4	55.7	55.1	55.4	54.7
52.4	55.6	55.1	55.4	54.6
52.3	55.5	54.9	55.3	54.6
52.2	55.5	54.9	55.2	54.6
52.2	55.5	54.9	55.1	54.5
52.2	55.4	54.8	55.1	54.4
52.1	55.4	54.7	55.0	54.3
52.1	55.3	54.6	55.1	54.4
51.9	55.4	54.7	55.0	54.3
52.0	55.2	54.5	54.9	54.2
51.9	55.1	54.5	54.8	54.1
52.0	55.0	54.5	54.8	54.1
51.7	55.0	54.3	54.7	54.1
51.7	54.9	54.3	54.6	54.0
51.7	54.9	54.3	54.6	53.9
51.6	54.8	54.1	54.5	53.8
51.7	54.8	54.2	54.4	53.9
51.6	54.8	54.1	54.4	53.8
51.5	54.7	54.1	54.3	53.7
51.5	54.6	53.9	54.3	53.6
51.4	54.5	53.9	54.2	53.6
51.4	54.5	53.9	54.2	53.6
51.3	54.5	53.8	54.1	53.5
51.3	54.4	53.9	54.1	53.4
51.2	54.3	53.7	54.0	53.4
51.3	54.2	53.6	53.9	53.3
51.2	54.2	53.7	53.9	53.4
51.1	54.1	53.6	53.9	53.2
51.1	54.1	53.5	53.8	53.1
51.1	54.1	53.5	53.7	53.2
51.0	54.1	53.5	53.7	53.1
50.8	54.0	53.3	53.8	53.1
50.8	53.9	53.3	53.6	53.0
50.7	53.8	53.2	53.6	53.0
50.8	53.8	53.2	53.4	52.9
50.8	53.7	53.1	53.5	52.8
50.7	53.7	53.2	53.4	52.8
50.6	53.6	53.0	53.4	52.7
50.6	53.6	52.9	53.2	52.7
50.5	53.5	52.9	53.2	52.6
50.5	53.5	52.9	53.1	52.5
50.4	53.4	52.9	53.1	52.6
50.4	53.3	52.8	53.0	52.4
50.4	53.3	52.7	53.0	52.5
50.4	53.2	52.6	53.0	52.4
50.2	53.1	52.6	52.9	52.3
50.3	53.1	52.5	52.8	52.2
50.2	53.0	52.5	52.8	52.3
50.1	53.0	52.4	52.7	52.1
50.1	53.0	52.5	52.6	52.1
50.0	53.0	52.3	52.7	52.1
50.0	52.9	52.3	52.5	52.0
50.0	52.9	52.3	52.5	51.9
49.9	52.7	52.2	52.5	51.9
49.8	52.8	52.1	52.5	51.8
49.9	52.6	52.1	52.4	51.9
49.6	52.6	52.1	52.3	51.7
49.7	52.6	51.9	52.4	51.8
49.8	52.4	52.0	52.3	51.6
49.6	52.5	51.9	52.2	51.7
49.5	52.4	51.8	52.1	51.6
49.5	52.4	51.7	52.0	51.6
49.5	52.4	51.8	52.0	51.4
49.5	52.4	51.6	52.0	51.4
49.4	52.3	51.7	51.9	51.4
49.3	52.1	51.5	51.8	51.3
49.4	52.1	51.6	51.8	51.2
49.2	52.1	51.4	51.8	51.2
49.3	52.0	51.5	51.8	51.2
49.2	52.0	51.4	51.6	51.1
49.1	51.9	51.4	51.7	51.1
49.0	51.9	51.3	51.5	51.0
49.0	51.8	51.3	51.6	51.0
49.0	51.8	51.2	51.5	50.9
49.0	51.7	51.2	51.5	51.0
49.0	51.6	51.2	51.4	50.8
48.9	51.6	51.1	51.4	50.8
48.8	51.6	51.1	51.3	50.7
48.8	51.5	50.9	51.2	50.7
48.7	51.4	51.0	51.2	50.6
48.7	51.5	50.9	51.1	50.6
48.6	51.4	50.8	51.0	50.5
48.6	51.4	50.8	51.1	50.5
48.7	51.3	50.8	51.0	50.4
48.5	51.2	50.7	50.9	50.5
48.5	51.2	50.7	50.9	50.4
48.4	51.2	50.6	51.0	50.3
48.5	51.1	50.6	50.9	50.3
48.4	51.0	50.5	50.8	50.3
48.3	51.0	50.5	50.7	50.2
48.2	51.0	50.4	50.6	50.2
48.3	50.9	50.3	50.6	50.1
48.3	50.7	50.4	50.6	50.1
48.2	50.8	50.3	50.5	50.0
48.0	50.7	50.3	50.5	50.0
48.1	50.7	50.2	50.5	49.9
48.0	50.6	50.1	50.4	49.8
48.0	50.6	50.0	50.4	49.8
48.0	50.5	50.0	50.3	49.7
48.0	50.5	50.1	50.3	49.7
48.0	50.5	49.9	50.3	49.7
47.9	50.5	49.9	50.2	49.7
47.8	50.4	50.0	50.1	49.6
