47.0	42.0	82.0	69.5	32.0	2.0	0.0
47.0	42.0	81.9	69.5	32.0	2.0	0.0
46.9	42.0	81.7	69.4	32.0	2.0	0.0
46.8	41.9	81.6	69.2	32.0	2.0	0.0
46.8	41.9	81.5	69.1	32.0	2.0	0.0
46.8	41.9	81.4	69.1	32.0	2.0	0.0
46.9	41.9	81.2	69.0	32.1	2.0	0.0
46.6	41.8	81.2	68.8	32.0	2.0	0.0
46.8	41.8	81.0	68.7	32.0	2.0	0.0
46.7	41.8	80.9	68.7	32.0	2.0	0.0
46.6	41.8	80.8	68.6	32.0	2.0	0.0
46.6	41.8	80.6	68.4	32.0	1.9	0.0
46.5	41.7	80.5	68.4	31.9	1.9	0.0
46.5	41.7	80.4	68.4	32.0	1.9	0.0
46.5	41.6	80.3	68.2	32.0	1.9	0.0
46.5	41.7	80.1	68.1	32.0	1.9	0.0
46.4	41.5	80.1	68.1	32.0	1.9	0.0
46.5	41.6	80.0	68.0	32.0	1.9	0.0
46.4	41.6	79.8	67.9	32.0	1.9	0.0
46.3	41.5	79.7	67.8	32.0	1.9	0.0
46.3	41.5	79.6	67.7	32.0	1.9	0.0
46.2	41.5	79.5	67.5	32.0	1.9	0.0
46.2	41.4	79.3	67.5	32.0	1.9	0.0
46.1	41.4	79.2	67.3	32.0	1.9	0.0
46.2	41.4	79.1	67.2	32.0	1.9	0.0
46.2	41.4	79.0	67.2	32.0	1.9	0.0
46.1	41.3	78.9	67.1	32.0	1.9	0.0
45.9	41.3	78.8	67.1	32.0	1.9	0.0
46.0	41.2	78.6	66.9	32.0	1.9	0.0
45.9	41.3	78.5	66.9	32.0	1.9	0.0
45.9	41.2	78.5	66.8	32.0	1.9	0.0
45.9	41.3	78.3	66.7	31.9	1.9	0.0
45.8	41.2	78.2	66.6	32.0	1.8	0.0
45.7	41.3	78.1	66.5	32.0	1.8	0.0
45.8	41.1	77.8	66.5	32.0	1.8	0.0
45.7	41.1	77.7	66.3	32.0	1.8	0.0
45.7	41.2	77.8	66.3	32.0	1.8	0.0
45.7	41.2	77.7	66.2	32.0	1.8	0.0
45.7	41.1	77.5	66.0	32.0	1.8	0.0
45.7	41.0	77.3	66.0	32.0	1.8	0.0
45.6	41.1	77.2	65.8	32.0	1.8	0.0
45.5	41.0	77.2	65.9	32.0	1.8	0.0
45.5	41.1	77.0	65.7	32.0	1.8	0.0
45.5	40.9	76.9	65.7	32.0	1.8	0.0
45.4	40.9	76.7	65.6	32.0	1.8	0.0
45.4	41.0	76.7	65.5	32.0	1.8	0.0
45.4	40.9	76.6	65.5	32.0	1.8	0.0
45.4	40.9	76.5	65.4	32.0	1.8	0.0
45.3	40.9	76.4	65.3	31.9	1.8	0.0
45.3	40.9	76.1	65.2	32.0	1.8	0.0
45.3	40.8	76.1	65.1	32.0	1.8	0.0
45.2	40.8	76.0	65.0	32.0	1.8	0.0
45.1	40.8	75.9	65.0	32.0	1.8	0.0
45.2	40.8	75.7	64.8	32.0	1.8	0.0
45.2	40.8	75.7	64.8	32.0	1.7	0.0
45.1	40.7	75.6	64.7	32.0	1.7	0.0
45.0	40.7	75.5	64.5	32.0	1.7	0.0
45.1	40.7	75.5	64.5	32.0	1.7	0.0
45.0	40.6	75.2	64.4	32.0	1.7	0.0
45.0	40.6	75.1	64.4	32.1	1.7	0.0
45.0	40.6	75.0	64.3	32.0	1.7	0.0
44.9	40.6	75.0	64.2	32.0	1.7	0.0
44.8	40.6	74.8	64.1	32.0	1.7	0.0
44.9	40.7	74.7	64.1	32.0	1.7	0.0
44.7	40.6	74.7	64.0	32.0	1.7	0.0
44.7	40.3	74.6	63.8	32.0	1.7	0.0
44.7	40.5	74.4	63.8	32.0	1.7	0.0
44.7	40.5	74.3	63.7	32.0	1.7	0.0
44.7	40.5	74.3	63.7	32.0	1.7	0.0
44.7	40.3	74.1	63.6	32.0	1.7	0.0
44.5	40.4	74.0	63.3	32.0	1.7	0.0
44.6	40.4	73.8	63.4	32.0	1.7	0.0
44.6	40.4	73.7	63.3	32.0	1.7	0.0
44.6	40.2	73.7	63.3	32.0	1.7	0.0
44.4	40.3	73.6	63.2	32.0	1.7	0.0
44.5	40.3	73.4	63.0	32.0	1.7	0.0
44.4	40.2	73.3	63.1	32.0	1.7	0.0
44.4	40.3	73.3	62.9	32.0	1.6	0.0
44.4	40.3	73.1	62.8	32.0	1.6	0.0
44.3	40.3	73.0	62.7	32.0	1.6	0.0
44.3	40.2	73.0	62.7	32.0	1.6	0.0
44.2	40.2	72.8	62.6	32.0	1.6	0.0
44.3	40.1	72.8	62.5	32.0	1.6	0.0
44.2	40.1	72.7	62.4	32.0	1.6	0.0
44.1	40.1	72.5	62.4	32.0	1.6	0.0
44.2	40.1	72.4	62.4	32.0	1.6	0.0
44.2	40.1	72.4	62.3	32.0	1.6	0.0
44.1	40.0	72.1	62.1	32.0	1.6	0.0
44.1	40.0	72.1	62.1	32.0	1.6	0.0
44.0	40.0	72.0	62.0	32.0	1.6	0.0
44.0	40.0	72.0	62.0	32.0	1.6	0.0
44.0	40.0	71.9	61.8	32.0	1.6	0.0
43.9	39.9	71.8	61.6	32.0	1.6	0.0
43.9	39.9	71.7	61.8	32.0	1.6	0.0
43.9	39.8	71.5	61.6	32.0	1.6	0.0
43.8	39.9	71.5	61.5	32.0	1.6	0.0
43.8	39.7	71.4	61.5	32.0	1.6	0.0
43.8	39.7	71.2	61.5	32.0	1.6	0.0
43.7	39.8	71.1	61.3	32.0	1.6	0.0
43.7	39.8	71.1	61.2	32.0	1.6	0.0
43.8	39.7	70.9	61.2	32.0	1.6	0.0
43.6	39.8	70.8	61.1	32.0	1.6	0.0
43.6	39.8	70.7	61.0	32.0	1.5	0.0
43.6	39.7	70.7	61.1	32.0	1.5	0.0
43.5	39.7	70.6	60.9	32.0	1.5	0.0
43.5	39.7	70.4	60.8	32.0	1.5	0.0
43.5	39.7	70.3	60.7	32.1	1.5	0.0
43.6	39.6	70.4	60.7	32.0	1.5	0.0
43.4	39.6	70.1	60.6	32.0	1.5	0.0
43.3	39.5	70.1	60.6	32.0	1.5	0.0
43.4	39.6	70.0	60.5	32.0	1.5	0.0
43.4	39.6	69.8	60.4	32.0	1.5	0.0
43.3	39.5	69.8	60.5	32.0	1.5	0.0
43.2	39.5	69.7	60.4	32.0	1.5	0.0
43.2	39.6	69.7	60.2	32.0	1.5	0.0
43.2	39.5	69.5	60.2	32.1	1.5	0.0
43.2	39.4	69.4	60.0	32.0	1.5	0.0
43.1	39.5	69.3	60.0	32.0	1.5	0.0
43.2	39.4	69.2	59.8	32.0	1.5	0.0
43.1	39.5	69.2	59.9	32.0	1.5	0.0
43.1	39.4	69.1	59.8	32.0	1.5	0.0
43.0	39.4	68.9	59.7	32.0	1.5	0.0
43.1	39.4	68.9	59.7	32.0	1.5	0.0
43.1	39.3	68.8	59.5	32.0	1.5	0.0
43.1	39.3	68.5	59.5	32.0	1.5	0.0
42.9	39.4	68.5	59.5	32.0	1.5	0.0
43.0	39.4	68.5	59.3	32.0	1.5	0.0
43.0	39.3	68.4	59.3	32.0	1.5	0.0
43.0	39.3	68.3	59.2	32.0	1.5	0.0
42.9	39.3	68.1	59.1	32.0	1.4	0.0
42.9	39.2	68.1	59.2	32.0	1.4	0.0
42.8	39.2	68.0	59.1	32.0	1.4	0.0
42.8	39.2	68.1	59.0	32.0	1.4	0.0
42.8	39.2	67.7	58.8	32.0	1.4	0.0
42.7	39.2	67.8	58.8	32.0	1.4	0.0
42.8	39.1	67.7	58.7	32.0	1.4	0.0
42.7	39.2	67.6	58.7	32.0	1.4	0.0
42.7	39.1	67.5	58.6	32.0	1.4	0.0
42.5	39.0	67.4	58.5	32.0	1.4	0.0
42.6	39.0	67.3	58.5	32.0	1.4	0.0
42.5	38.9	67.1	58.5	32.0	1.4	0.0
42.7	39.0	67.2	58.4	32.0	1.4	0.0
42.5	39.0	67.2	58.3	32.0	1.4	0.0
42.5	38.9	67.0	58.2	32.0	1.4	0.0
42.4	39.0	66.9	58.2	32.0	1.4	0.0
42.4	38.9	66.7	58.2	32.0	1.4	0.0
42.3	38.9	66.7	58.0	32.0	1.4	0.0
42.4	38.9	66.6	57.9	32.0	1.4	0.0
42.4	38.9	66.5	57.9	32.0	1.4	0.0
42.3	38.9	66.4	57.9	32.0	1.4	0.0
42.4	38.8	66.3	57.8	32.0	1.4	0.0
42.2	38.8	66.3	57.7	31.9	1.4	0.0
42.2	38.9	66.1	57.7	32.0	1.4	0.0
42.2	38.8	66.1	57.5	32.0	1.4	0.0
42.2	38.7	66.0	57.6	32.0	1.4	0.0
42.1	38.8	65.9	57.4	32.0	1.4	0.0
42.1	38.7	65.9	57.4	32.0	1.4	0.0
42.2	38.7	65.7	57.3	32.0	1.4	0.0
42.1	38.8	65.6	57.2	32.0	1.3	0.0
42.0	38.6	65.6	57.2	32.0	1.3	0.0
42.0	38.8	65.5	57.2	32.0	1.3	0.0
42.0	38.7	65.4	57.0	32.0	1.3	0.0
42.0	38.6	65.5	57.0	32.0	1.3	0.0
42.0	38.7	65.3	56.9	32.0	1.3	0.0
42.0	38.6	65.1	56.9	32.0	1.3	0.0
42.0	38.6	65.1	56.7	32.0	1.3	0.0
41.9	38.5	65.0	56.8	32.0	1.3	0.0
41.9	38.6	65.0	56.8	32.0	1.3	0.0
41.9	38.6	64.9	56.6	32.0	1.3	0.0
41.8	38.6	64.8	56.5	32.0	1.3	0.0
41.8	38.5	64.7	56.6	32.0	1.3	0.0
41.8	38.5	64.6	56.4	32.0	1.3	0.0
41.8	38.4	64.6	56.4	32.0	1.3	0.0
41.7	38.5	64.4	56.4	32.0	1.3	0.0
41.6	38.5	64.4	56.2	32.0	1.3	0.0
41.6	38.4	64.3	56.2	32.0	1.3	0.0
41.6	38.4	64.1	56.2	32.0	1.3	0.0
41.7	38.4	64.1	56.1	32.0	1.3	0.0
41.6	38.4	64.1	56.0	32.0	1.3	0.0
41.6	38.4	63.9	55.9	32.0	1.3	0.0
41.5	38.3	63.8	55.9	32.0	1.3	0.0
41.5	38.4	63.8	55.9	32.0	1.3	0.0
41.6	38.4	63.8	55.7	32.0	1.3	0.0
41.5	38.3	63.6	55.7	32.0	1.3	0.0
41.5	38.2	63.6	55.7	32.0	1.3	0.0
41.4	38.3	63.5	55.6	32.0	1.3	0.0
41.4	38.3	63.4	55.5	32.0	1.3	0.0
41.4	38.3	63.4	55.5	32.0	1.3	0.0
41.5	38.2	63.2	55.4	32.0	1.3	0.0
41.4	38.3	63.2	55.4	32.0	1.2	0.0
41.4	38.3	63.1	55.4	32.0	1.2	0.0
41.3	38.2	63.1	55.3	32.0	1.2	0.0
41.3	38.2	63.0	55.2	32.0	1.2	0.0
41.2	38.2	62.8	55.1	32.0	1.2	0.0
41.3	38.2	62.9	55.1	31.9	1.2	0.0
41.2	38.1	62.7	55.0	32.0	1.2	0.0
41.2	38.1	62.7	55.0	32.0	1.2	0.0
41.2	38.1	62.5	55.0	32.0	1.2	0.0
41.2	38.2	62.5	54.9	32.0	1.2	0.0
41.1	38.1	62.4	54.8	32.0	1.2	0.0
40.9	38.1	62.3	54.7	32.0	1.2	0.0
41.1	38.0	62.3	54.8	32.0	1.2	0.0
41.1	38.0	62.2	54.6	32.0	1.2	0.0
41.0	38.0	62.1	54.6	32.0	1.2	0.0
41.0	38.0	62.0	54.4	32.0	1.2	0.0
40.9	38.0	62.0	54.4	32.0	1.2	0.0
41.0	37.9	61.9	54.4	32.0	1.2	0.0
40.9	38.0	61.8	54.4	32.0	1.2	0.0
40.9	37.9	61.7	54.2	32.0	1.2	0.0
40.9	37.9	61.7	54.3	32.0	1.2	0.0
40.8	38.0	61.6	54.2	32.0	1.2	0.0
40.9	37.9	61.5	54.1	32.0	1.2	0.0
40.8	37.9	61.4	54.1	32.0	1.2	0.0
40.8	37.8	61.5	54.1	32.0	1.2	0.0
40.7	37.9	61.4	53.9	32.0	1.2	0.0
40.7	37.8	61.3	54.0	32.0	1.2	0.0
40.7	37.8	61.0	53.9	32.0	1.2	0.0
40.8	37.8	61.0	53.8	32.0	1.2	0.0
40.6	37.8	60.9	53.7	32.0	1.2	0.0
40.5	37.8	60.9	53.8	32.0	1.2	0.0
40.7	37.8	60.8	53.6	32.0	1.2	0.0
40.6	37.8	60.7	53.6	32.0	1.2	0.0
40.6	37.8	60.6	53.5	32.0	1.1	0.0
40.6	37.7	60.7	53.4	32.1	1.1	0.0
40.6	37.7	60.6	53.4	32.0	1.1	0.0
40.6	37.7	60.4	53.3	32.0	1.1	0.0
40.6	37.7	60.4	53.4	32.0	1.1	0.0
40.5	37.7	60.4	53.3	32.0	1.1	0.0
40.4	37.6	60.3	53.3	32.0	1.1	0.0
40.4	37.6	60.2	53.1	32.0	1.1	0.0
40.4	37.7	60.2	53.0	32.0	1.1	0.0
40.4	37.6	60.1	53.0	32.0	1.1	0.0
40.4	37.6	60.1	53.0	32.0	1.1	0.0
40.4	37.6	59.9	52.9	32.0	1.1	0.0
40.3	37.6	60.0	53.0	32.0	1.1	0.0
40.3	37.5	59.8	52.9	32.0	1.1	0.0
40.3	37.5	59.8	52.7	32.0	1.1	0.0
40.2	37.5	59.6	52.8	32.0	1.1	0.0
40.2	37.6	59.6	52.6	32.0	1.1	0.0
40.2	37.5	59.5	52.6	32.0	1.1	0.0
40.3	37.5	59.4	52.6	32.0	1.1	0.0
40.2	37.5	59.5	52.6	32.0	1.1	0.0
40.2	37.6	59.3	52.5	32.0	1.1	0.0
40.2	37.4	59.2	52.4	32.0	1.1	0.0
40.2	37.5	59.1	52.4	32.0	1.1	0.0
40.2	37.4	59.0	52.4	32.0	1.1	0.0
40.2	37.4	59.0	52.3	32.0	1.1	0.0
40.1	37.5	59.0	52.2	32.0	1.1	0.0
40.1	37.4	58.9	52.2	32.0	1.1	0.0
40.0	37.3	58.8	52.1	32.0	1.1	0.0
40.1	37.4	58.7	52.1	32.0	1.1	0.0
40.0	37.4	58.7	52.0	32.0	1.1	0.0
39.9	37.3	58.6	52.0	32.0	1.1	0.0
39.9	37.4	58.6	52.0	32.0	1.1	0.0
39.9	37.3	58.4	51.9	32.0	1.1	0.0
39.9	37.3	58.4	51.8	32.0	1.1	0.0
39.9	37.3	58.3	51.8	32.0	1.1	0.0
39.9	37.2	58.3	51.7	32.0	1.1	0.0
39.9	37.2	58.3	51.6	32.0	1.0	0.0
39.7	37.3	58.1	51.6	32.0	1.0	0.0
39.8	37.2	58.1	51.6	32.0	1.0	0.0
39.8	37.3	57.9	51.6	32.0	1.0	0.0
39.8	37.3	58.0	51.4	32.0	1.0	0.0
39.8	37.2	57.8	51.5	32.0	1.0	0.0
39.7	37.2	57.8	51.3	32.0	1.0	0.0
39.7	37.2	57.9	51.4	32.0	1.0	0.0
39.8	37.2	57.8	51.3	32.0	1.0	0.0
39.7	37.1	57.8	51.2	32.0	1.0	0.0
39.7	37.2	57.6	51.2	32.0	1.0	0.0
39.7	37.2	57.5	51.2	32.0	1.0	0.0
